[Settings]
mode=2
last_angle=360
pixel_size=0.300000
source_detector_distance=599.999432
source_object_distance=149.999970
direction_of_rotation=0
tilt=0.000000
skew=0.000000
slant=0.000000
horizontal_centre=480.002507
vertical_centre=474.006270
rotation_axis_position=479.958040